5.408074630016534738e-25,7.096534019720909248e-01,2.880423866241934583e-01,1.122391826826242586e-26,2.304211403715596129e-03,8.024105635911188374e-20,9.520056702628891624e-30,4.361371525936674008e-28,2.079283910871348150e-24,4.230277446873508056e-27
2.126919333431385450e-01,5.646792850958201049e-01,3.160768219201781530e-10,5.092667613004839086e-24,1.361589540704491976e-19,1.709498557496608169e-18,1.148409825133349334e-16,1.742184812776193156e-22,2.834040982930793501e-24,2.226287812449644354e-01
6.957214010972051477e-05,1.868038805467417685e-01,1.651459104772837821e-15,3.189445118587886007e-15,7.123709606699689577e-24,2.052324961594738928e-01,1.772755939171068269e-22,4.545481071762117828e-27,2.574532931272342784e-02,5.821487218409463482e-01
8.731325534151399330e-11,4.405985036809355604e-01,3.927372424197932965e-08,1.895836232710726133e-07,3.010802787585425643e-06,1.502397603969494953e-06,2.177433057025934815e-01,4.558792234909595963e-08,1.020785244208708101e-07,3.416533008049718045e-01
1.711979032445213539e-17,3.354319439755194788e-06,9.617509129700509369e-32,3.605416829593758250e-08,6.219299179305778913e-02,1.026670454461111515e-20,2.870359954553565185e-01,1.565991470446082465e-14,4.197203594359064649e-01,2.310472629420554924e-01
6.577502222678458286e-07,5.938069122971837560e-02,1.794419430683776561e-13,1.350206586959938615e-03,1.617069389178971565e-21,8.840166063857334278e-01,1.600632650451029574e-25,3.311043584820612130e-27,2.278923120728899713e-06,5.524955912406580988e-02
3.522940776620171877e-07,3.433209829201926966e-01,3.342953094850467100e-01,4.312902394088720696e-16,1.148236419607249166e-18,8.934305133966060491e-03,1.154447838498449069e-14,2.013114618397956495e-09,4.566187156464949117e-08,3.134490024917186979e-01
8.207828920948513352e-01,3.107293906238205123e-31,1.389214042924517001e-01,3.850923775979728138e-11,2.542063084268608057e-24,8.605948638278512679e-08,1.503422262386802952e-20,4.265111017426353429e-25,1.165902619771497781e-30,4.029561751470141923e-02
3.593773355704646399e-02,1.022005350206629028e-19,1.615024271356130118e-04,2.565307527965745519e-03,6.218643305816339284e-01,1.635649806494931802e-01,8.195073475468341029e-02,6.504497617948138137e-09,7.011578583862070602e-16,9.395540399754334637e-02
8.539463441133821393e-16,3.000889709586449174e-29,9.952245430517077704e-13,3.277829320782440907e-10,9.349942760206765291e-01,2.173822246990205257e-05,6.471012339589768403e-02,1.033587472359636251e-11,2.738620218411396160e-04,7.977816592845414285e-23
2.799375661051876195e-30,1.220153689701060077e-49,1.000000000000000000e+00,2.081315275057714307e-40,3.207661103298771317e-31,7.288349873207096874e-44,7.883763063740753207e-47,9.305077278687681298e-47,2.767207575417662222e-38,8.833376787140384662e-52
3.007724966780436077e-02,2.284610064401743808e-22,6.908859364493271564e-11,1.330261609041361748e-20,5.374625811592441734e-25,1.549587139497136336e-13,9.727863010039887835e-23,5.617920978295589923e-24,1.637142110735081923e-21,9.699227502629521602e-01
2.454528075085106871e-16,1.718398089391769703e-08,2.584737409130665187e-01,1.153311993515861722e-01,6.119683556456344958e-02,1.994800483924346057e-01,1.116611441736734643e-18,1.047152242164828465e-06,3.520895592726612788e-01,1.342755216946469460e-02
4.618890261754704178e-25,5.998559103588401165e-01,8.814973611054719533e-15,2.812250901487722832e-01,1.043520186212611124e-03,1.480769128926770367e-05,3.158665653672983344e-05,1.178218516201293975e-01,7.233338103902217672e-06,1.068926096913481204e-13
2.244304215724636761e-05,5.924530044450930510e-02,3.547623003978581102e-01,5.335904902021001029e-10,6.395471257857181871e-09,3.556014101981108122e-01,2.302120685674859113e-01,4.806180092735957651e-05,8.998088461275240653e-06,9.941053142813600614e-05
9.603492593170440140e-07,2.957953112654539596e-04,1.979678914228273912e-01,4.297509498487306788e-17,7.850963041151293176e-01,5.389327069059921988e-22,2.740423994263442976e-05,1.661164456157586747e-02,7.733520924926220406e-20,2.672842527118578215e-28
2.569203839070837773e-14,3.503653107477235248e-14,8.760539386489009946e-20,4.083809138467159276e-18,9.998480587153550925e-01,1.161232473172374117e-22,1.716582882242954627e-07,1.517696262723317133e-04,2.357047297230712080e-14,3.208159416150660078e-28
6.449572769406320327e-04,3.252987716143854259e-11,8.995565306473499861e-03,4.875712387261142006e-02,1.057483622567130452e-16,2.493131057609130063e-01,6.890570205043230478e-01,3.232227246206601391e-03,5.639719462463981911e-19,1.809896314808746154e-15
1.896526206429682282e-01,9.558150987619716326e-05,8.875946106802928885e-16,4.580362462042884136e-02,1.657561209012722810e-12,4.749565893121688448e-02,5.600467335880287001e-01,1.569057802606398377e-01,4.451755867721613459e-10,7.338352987556787406e-15
6.334401629363525243e-01,2.189459199732840067e-04,6.268432373085548771e-13,9.495631146343636280e-07,2.998860609831793576e-17,1.223774519771188378e-10,3.192699993605381363e-03,3.630088774979558508e-01,1.383639659845326692e-04,9.523940947969111250e-15
5.585961662217994503e-17,3.750910694118459375e-14,1.634306384128661380e-06,1.826614211822241986e-21,7.855752312721369091e-01,2.119778285654279476e-15,1.589727465513052218e-01,5.545038787013408660e-02,2.432524332391397339e-20,6.986405268049157820e-21
8.048816043178886881e-01,1.496219979680672887e-07,3.454018297253859913e-14,5.070705925967743111e-02,1.381565060770129177e-13,1.174268030233418941e-01,8.158560357763695273e-05,7.256374302573980886e-09,1.318942994604326251e-05,2.688960148702335823e-02
2.015235030957302637e-02,1.640734033355738509e-10,1.224437728680316893e-06,9.515288116960078760e-12,1.245911999469781641e-07,3.870522146966689503e-01,1.359245803790049695e-02,7.036214851021996042e-16,5.792014915196652680e-01,1.362336743016016810e-07
8.432809660267968077e-01,2.458244646822415265e-09,3.314024239130955538e-03,2.498333868432219690e-02,1.543140794864740205e-08,1.201051771169248106e-01,6.755817065353525825e-10,8.316475367591001297e-03,2.723788104305287945e-19,1.055553301909905539e-18
9.165119346433512749e-15,8.581210258705485952e-06,4.578796467712093476e-01,1.767239310245928949e-19,3.235734205888848164e-02,6.665423998728096741e-14,3.068745126919431021e-01,2.028771308371457027e-01,2.786430478905905480e-06,1.234366682705710260e-24
1.084325726819699362e-15,9.999990233873354839e-01,7.439811326433977025e-07,1.535416477785770151e-22,2.326271343073480147e-07,1.817302457579754003e-16,2.086254071007041816e-13,4.187687930153075425e-12,1.005932675454825910e-16,2.536211797779086689e-22
4.259686311245048755e-25,9.999999489614942449e-01,9.408780047723498839e-27,5.103850559144877146e-08,2.255664123449229585e-21,1.324816957258624986e-16,1.282615865384901394e-25,1.617990001242963246e-23,9.646428152582372597e-29,3.321308449569920118e-17
3.701399025885366390e-13,1.585207230587151739e-01,3.877032847103538475e-26,3.902190637358024924e-17,7.102256407679498363e-21,1.969031557320495285e-01,4.928208772013507240e-27,3.085392419840281132e-28,5.064252147733801690e-07,6.445756147836503303e-01
1.468963439714433264e-03,2.740512074524398933e-18,6.292631073336002467e-02,2.780908518820197831e-13,6.748330587410261705e-02,3.093945344305457090e-01,1.201456740897319936e-01,2.089775088527645533e-17,8.864985284194257242e-03,4.297162261480728662e-01
8.981073620099650788e-32,1.562716153396216685e-52,1.000000000000000000e+00,1.208903269710979977e-44,5.626735228422620251e-26,1.611350145898775707e-38,1.764129740106558901e-43,1.179559116966053869e-43,2.991533998925214385e-43,3.907845248388851154e-37
1.357304495183789539e-01,5.909671392065603679e-07,5.326466773600170290e-01,1.166338544857617771e-09,9.978170729334481792e-02,3.499000800093397118e-02,1.604954458741381858e-25,4.889475330723691506e-14,3.369486909372325762e-19,1.968505656937986625e-01
1.592183319298019479e-20,2.691342164120746475e-25,1.975910406776257416e-21,1.598976895750315068e-04,3.122868171158241779e-01,5.807001565422341416e-02,6.550967449085521337e-07,1.904937821336063018e-20,1.625718908280487096e-01,4.669107236155836671e-01
1.184783248620653541e-21,5.759798290032791515e-16,3.859038193204439324e-19,5.283484783166997149e-03,1.631473306972588411e-01,8.190924806991751945e-09,9.570984985859644159e-18,7.539385643145165730e-19,8.315684897596634650e-01,6.865689852531940930e-07
2.123536777785774710e-01,6.406922617358915292e-16,7.829439432088174805e-03,1.159811052867676558e-03,4.531874876398787116e-10,8.207204671595023349e-06,4.107655014188346110e-01,3.678833626491261888e-01,1.294984344720441905e-17,1.064616645378109472e-11
2.236394647674560315e-13,4.466863524002485236e-03,5.155161054763422448e-11,2.290517724233180995e-09,2.441738794216257260e-05,3.274904695096142534e-12,8.700938704182129557e-01,1.251627672193663943e-01,2.029502556930121879e-08,2.520588098826316526e-04
4.536773792860692711e-01,2.614268248916937210e-02,9.125068494656819046e-03,4.732207999502823781e-01,4.971303801777299938e-12,5.762646763599666966e-08,2.725483895420095781e-02,4.272525541726340977e-03,6.306647652455863069e-03,6.330665795029266146e-17
4.035389616551199079e-14,8.212771464878191432e-21,2.620857482270589061e-05,2.463304083303223331e-21,1.789701672702908447e-02,7.370013513314135255e-20,8.007468260357806248e-07,9.820759739512819886e-01,4.720080351632563035e-17,1.856993874949288013e-20
7.814047710025780387e-25,9.999999289803838121e-01,4.224700081930577870e-25,7.101961413332614842e-08,4.641678768270027790e-21,2.085231057081673739e-15,4.211470357403011034e-24,3.011666901892647916e-22,5.721136449999086376e-28,4.636313941140395715e-17
6.731524620220415342e-09,8.113341725572291441e-02,7.756664875497593278e-25,1.200965862501639332e-11,1.213244225268925004e-28,1.169883706240940902e-01,2.459594965886089777e-16,3.050808630685012512e-17,4.670068782733975968e-13,8.018782053761813744e-01
2.111474192306094936e-13,1.585207248599131424e-01,4.850189530953006873e-26,3.135377616653316517e-17,9.181099099898070974e-21,1.969031568600250470e-01,2.435219625467001137e-27,1.477666052669941868e-28,5.027916069445666935e-07,6.445756154882436029e-01
1.516728421513935637e-04,3.299287386045241012e-18,6.073674062037683063e-02,1.366003704670931754e-12,6.778268845629559225e-02,3.143034894700070803e-01,1.247174287948564081e-01,1.002981397147231184e-17,8.194818176150617944e-03,4.241131616387961434e-01
4.885500133928306608e-15,6.227204302802882285e-01,3.335930704558653925e-02,1.241107055806024381e-04,2.418036757252615132e-01,1.995536558589625697e-05,9.727278279788230354e-04,1.693599129564145081e-11,6.821521298121985030e-07,1.009991108806477383e-01
2.633896609070540244e-06,4.371017658107617746e-11,1.229800997220400621e-01,4.236870990592293255e-24,8.770172663376407662e-01,1.078130274562103422e-20,3.052229389494848393e-24,6.734639287539392594e-25,6.579205749620296770e-31,2.601228391771170647e-38
9.586102890124752196e-02,3.061048001833426712e-17,6.863695436406201944e-01,5.379012072478277606e-13,5.116065574719140530e-02,5.460017289613986824e-05,9.900350772873715194e-27,1.645428619290432286e-15,3.854587821753307705e-23,1.665541715375051801e-01
1.561841897379147613e-30,3.086380571916350993e-53,2.907634959674824577e-33,2.517818185798703175e-12,6.250377064424394308e-03,2.176307801434130551e-01,6.558934244059542485e-12,8.049640356213593269e-29,1.258202669286022923e-01,6.502985758544834738e-01
1.176994108922159657e-21,2.851389239753557292e-02,5.064608040777879055e-17,1.550710835344460766e-09,2.815395867152415463e-09,1.793560469539484209e-22,8.321057448876645070e-20,9.714861032361127302e-01,5.843003360043394570e-18,2.449442203770929680e-13
1.131531744192304399e-15,9.623593940502371622e-05,1.264190828308173838e-20,1.005718910482345102e-01,7.141538630320731748e-13,1.929738778524945839e-02,2.572112534691738532e-05,8.800084728136637890e-01,2.912873720946889189e-07,1.295512189522277691e-14
4.683461455733060549e-16,7.412452883983983165e-03,3.364550819750888975e-05,2.683916405188244148e-01,2.882607986803435440e-01,1.576723387210411298e-17,2.450621081922849109e-02,4.113952421252265457e-01,9.464194567624632644e-09,4.507313913950498026e-16
2.346981415098172707e-01,8.774168583780739547e-14,3.122306469172004273e-01,9.093244124647635463e-06,8.236411748810118505e-02,1.177349945298368505e-01,8.540913838782361624e-11,1.629396159007260453e-02,1.554321101336890798e-05,2.366535014243367763e-01
4.632148886290816453e-09,2.105204352362090619e-13,7.031963847314910039e-16,6.822099658216894680e-01,3.953074567813837786e-02,1.042702953497400831e-01,1.376860026170733970e-04,6.536373912931905191e-13,1.641923710630791011e-01,9.658931451722189976e-03
1.420726534801666506e-34,9.999945117643411763e-01,3.910138616587456042e-25,5.488235635900957622e-06,1.722963470357819322e-14,4.104653583233587591e-21,3.346003561209113203e-22,1.261849620320377161e-25,2.648423837150949632e-20,5.750099227876117674e-15
1.198356384759085887e-13,1.093154741486255739e-16,1.728571551881143420e-01,1.830186291346261689e-13,7.558739855494053805e-02,1.883013667058288184e-09,2.878452897527895110e-08,6.117898686387635303e-24,1.811953438920613905e-19,7.515554155890995514e-01
2.722162318212323351e-01,4.882701404378370080e-02,1.084045566518511742e-04,1.166006232463971531e-01,1.132656549315513989e-01,8.328254693061736577e-05,1.207685811818470041e-21,9.358478533997290772e-15,4.197535800297369441e-07,4.488983690998635812e-01
1.321717562040737030e-09,1.055838677974875184e-01,1.359290369761160244e-01,2.901026961253008393e-02,8.357462423085776360e-02,3.673277665386101565e-02,1.732770064105485948e-14,3.592281475825610804e-02,4.743040347635592013e-01,9.894257388559739297e-02
5.406943156136076455e-13,1.171749269595269532e-38,7.493063958710352024e-01,3.588021664300992365e-39,2.315931479207039012e-01,7.249829715227213386e-33,7.660036419372130488e-35,6.746246442811274099e-25,1.347225192692036458e-26,1.910045620772012412e-02
5.119398580498027984e-01,2.907717160662880643e-27,2.369599076499408356e-11,6.233071141556376581e-36,3.482826345217396564e-32,3.775311779480363246e-18,1.353998423001314264e-31,7.736515903036100580e-27,2.821712103050214582e-01,2.058889316214797260e-01
2.650436036453193353e-02,5.137162834565141857e-11,1.562867131748339397e-02,2.517524448467997698e-03,9.705255470071363910e-02,7.667063242769620590e-01,2.067928102036569534e-04,3.401319046174957135e-21,9.138377203026579187e-02,2.833827735371290333e-20
8.874360095770135868e-33,9.999999995397096386e-01,3.037399736667745225e-30,4.026396467815823404e-11,1.020256564803182176e-16,2.346622275053754189e-26,2.600861388319636326e-20,1.147903928743028354e-10,1.527288279027764765e-19,3.052357591151357462e-10
1.692543986458651395e-02,5.216565081817237798e-02,5.063543558782023163e-12,2.213327395664740123e-11,5.062265874233908395e-10,2.364435304256587433e-01,2.548160413929571859e-08,2.065391599351517130e-02,1.176151885309889263e-03,6.726352849977297321e-01
3.815259068466050898e-11,6.996780059707856658e-01,4.035900982263509773e-20,1.129011396236874463e-15,1.889645472905898285e-17,2.294030288230060333e-04,3.425452469132451357e-09,2.012434570582265270e-17,1.508161400327758805e-01,1.492764475040092020e-01
9.330311561673364507e-01,3.162223462286647981e-27,1.470158788311711179e-11,1.152534037759565047e-19,2.444083066289843773e-02,2.077860135751390489e-21,8.472646495685128780e-08,1.248885573363176673e-11,4.252792841610971569e-02,5.184401223101479504e-23
9.984914486570297676e-01,1.364227872151138328e-18,1.239771920148560183e-03,2.234209032082683052e-20,1.113910183637657129e-04,6.435795177038387016e-21,8.198090190142667468e-19,1.573884044577077005e-04,5.847356136599270762e-18,7.871449996519672395e-26
4.651620372362077268e-14,4.661117657181403079e-21,3.456915435743049672e-07,4.613989083656454791e-03,9.032623230456156005e-01,3.847681821738643689e-06,8.519783283600290691e-02,1.058648875528442875e-05,6.911075172558065090e-03,7.948211888483003736e-19
1.651480451918383482e-19,1.152525046618332684e-16,8.555729321572006232e-18,1.347694343950667575e-02,4.525436312932881410e-16,1.444511164460999227e-21,2.913728738296783626e-09,9.865230536467641809e-01,8.662797606178253012e-18,1.220653875436070924e-27
1.181677095727678289e-02,1.462386039933385139e-02,3.583480554213062247e-02,1.810224326839056164e-12,6.626717515997082586e-01,1.487615691225225136e-04,1.891582231410952539e-02,2.559882276165081905e-01,1.712811675340637042e-17,4.026365012259243902e-21
2.666994679926096116e-03,1.292452141342813044e-10,3.289868784445852401e-01,1.067618989976558138e-22,2.752676944554057203e-01,3.630066891227177739e-01,1.644343210519665839e-09,3.007174044663816007e-02,1.077135609768199126e-09,2.931696014686164132e-15
1.025314110274925395e-06,2.484470835320831014e-23,1.427518933440535473e-02,1.360001547313711520e-12,1.364426229312544802e-16,5.704565737617542931e-01,4.152621360168758935e-01,5.075571493459493334e-06,5.080153705146577504e-16,4.732755047086686916e-21
2.221710446735200973e-19,9.706845151267265992e-01,1.083529334017206451e-21,2.081951104421119704e-16,8.852459280111100652e-22,1.699156777110332749e-08,7.874483570304032773e-15,1.796666670058783424e-24,2.931546787951984367e-02,2.177639463757903101e-12
2.443418130544060518e-15,1.437231741599185875e-01,4.321187520890660683e-27,1.715004790974729998e-09,1.240018554214821937e-15,3.649905692329977652e-13,1.072194612038278783e-17,5.867827487926769604e-15,3.148845654135072958e-16,8.562768241247018519e-01
1.357717404502699619e-06,1.446977928137840361e-25,2.950557537095615732e-04,9.935405706981603117e-18,2.883624759820091157e-14,3.251317736399792664e-12,8.193285315641319182e-17,9.187574440032067341e-14,8.137739176722381673e-01,1.859296688532756370e-01
4.245577458560451277e-14,4.252814937988147990e-15,7.330971566416867449e-21,1.516045592738919988e-24,3.732903268630973587e-16,4.675585346838973328e-12,7.096301732036841038e-03,5.244896622637697020e-04,2.582596566749602445e-09,9.923792060183801444e-01
2.204812305700289814e-08,2.265269348705719610e-01,5.374055240316958358e-32,8.695433201032450718e-11,2.496677424250471237e-22,8.079873238434389860e-15,8.557254311461112656e-26,2.019157982682768580e-32,1.546443158135787366e-01,6.188287271807638712e-01
1.559527862608637086e-03,5.609386605951173463e-11,2.563822123024424799e-15,1.032305043827594840e-06,9.984393245793337091e-01,1.188165683269922866e-19,3.281448918933813290e-19,2.261204259392977713e-25,3.864852559765970421e-16,1.151969169654614763e-07
1.289441906904907620e-01,1.716754760378598550e-31,2.739823594023896885e-14,3.425690583010471135e-01,2.255183344185441874e-30,3.554167084850919805e-09,9.080375419321468024e-22,4.163546490547114886e-37,4.572779624396716175e-10,5.284867469969897202e-01
5.829009342189295229e-01,3.918819966986813313e-02,2.061861394736848314e-14,2.129236408421721419e-02,2.392317111534746096e-20,3.526490171921842226e-22,1.171847611247847528e-27,2.257482708485109883e-33,2.981375378128886479e-11,3.566185019971507830e-01
8.433855946257532391e-10,3.905136880528462612e-15,2.761505524218541104e-08,8.530162901430240144e-17,9.999999715415551771e-01,3.287621147106280143e-17,5.749437618039669086e-18,4.208203711331958283e-17,1.550587494222663585e-22,3.118086649556128477e-21
1.441467074457602697e-07,9.174917280274090814e-01,7.111233341713574241e-02,5.356780130332063328e-15,1.885989578537709592e-11,4.248083922697517179e-06,1.021388751806098419e-12,6.370787222466633072e-07,1.138955073707652310e-02,1.358489139494137935e-06
6.384554974930723992e-01,6.149059152826288308e-13,3.615444729539829538e-01,1.907764088628313758e-17,2.948182950120406641e-08,8.218280332314746211e-18,1.906114702825695489e-15,2.660329674150024108e-13,7.023210978867405807e-11,8.244808285308134146e-20
4.601623071690242317e-01,2.495694403926319437e-05,6.905195961372710458e-10,5.294560867308156088e-02,3.170655044491961934e-12,1.559899055991463834e-01,2.268146433591022304e-01,1.040625772694700746e-01,2.921004836764152158e-10,3.454897856694733399e-13
5.797134273241001390e-01,8.568154064883264261e-04,1.770009067194482744e-06,3.872134497998401259e-01,1.415231708836317566e-15,1.864020100282807708e-06,3.061412534976296063e-02,1.598506620428913729e-03,1.381947997022013179e-08,2.765073057142470235e-08
3.300139813574840542e-01,1.024460331929736255e-02,2.423783752265558161e-04,1.607060555090841101e-06,1.381687209142035133e-02,1.350962729642584542e-02,7.805540692025556004e-02,4.957258319828069526e-01,5.486002355761050719e-02,3.529668038917626195e-03
1.519360620986275746e-23,9.999999981643857838e-01,7.691505841973223937e-19,2.133112330853366006e-12,1.499238219148085631e-13,3.423744761831967983e-23,3.286252838199589669e-21,3.726413068359495568e-21,5.143224825451214482e-20,1.833331138671044625e-09
3.412427265693301662e-15,1.445011829674015535e-01,7.896753561622183412e-27,9.542672913435425042e-10,8.141188518164675201e-15,1.739622515488093142e-10,6.896178333993234347e-18,1.315465543837093073e-15,8.492737971371502128e-16,8.554988159043550588e-01
4.005332114414100675e-06,2.693539467746222604e-27,5.200260418611001283e-04,3.643947617032413238e-17,1.306122917468566834e-13,7.984367569171063049e-12,2.141161537629796523e-17,3.527584999038003522e-14,8.119020842140958205e-01,1.875738844037783681e-01
1.297942735806133230e-01,7.702849533396608444e-32,5.105399270849524135e-14,3.449343932515536171e-01,2.381699653088159344e-30,5.625486571163139193e-09,1.117150108267617511e-21,1.537260453125997261e-37,1.335046861072916046e-09,5.252713262072487010e-01
2.933148877574791461e-11,6.553125477720661243e-10,6.189787917744023515e-10,7.204113577608789335e-19,9.999872278970591832e-01,2.327115349443897865e-21,9.464531186229085089e-24,7.529267184742956230e-23,1.377429985200262675e-18,1.277079931795374781e-05
2.259268038379824846e-11,4.572369350549463918e-01,5.936218378698185485e-33,4.604245358748288706e-06,8.947434764892486177e-18,4.336622006230346920e-17,4.997545357184701143e-17,5.003578141766950298e-08,1.128117195579653731e-01,4.299466910833553146e-01
2.322991277506345764e-01,2.255889371508623675e-01,1.589486274243028241e-01,1.781535232087876064e-01,5.325235363494331147e-08,3.818302969226865502e-06,1.916676054037169397e-01,6.222451637037375262e-04,1.271606234266910510e-02,3.434312133174108857e-17
4.671968442918408147e-14,1.053866661658065434e-14,7.023170208542840557e-20,5.261136721254825895e-25,1.287883681465612116e-16,5.174617318231237278e-12,7.039376828177088506e-03,6.528321440619667829e-04,4.027744144291322262e-09,9.923077869947848351e-01
2.555311607084640266e-08,3.564785544109423387e-01,2.524097210146979753e-28,4.613156143520175112e-04,2.755777383160884940e-24,5.443505073699773449e-06,1.089772323978158158e-22,1.302719640334256572e-34,6.918786519235158028e-02,5.738667957241642137e-01
5.431198346598419901e-08,3.658549348926429397e-04,2.089035280043858023e-01,6.357656783384481314e-02,2.727292424098890500e-01,7.898699497030148943e-12,4.409188179475196367e-01,2.873592592089290002e-07,1.350564717459865061e-02,1.572802063452879817e-11
6.339350452841041594e-01,2.419310843207357379e-21,1.714434686751500347e-01,8.703553230977423283e-02,3.693927653581579512e-09,1.098564847219022159e-03,3.859187391809915796e-02,9.472449865214947502e-11,1.013560639904965111e-18,6.789551117700128036e-02
1.310349975346913609e-01,3.958601662430943283e-14,7.810578631631323043e-01,4.635955127935514203e-02,1.116906397183450267e-13,4.141679411429041724e-02,1.303524362698083939e-04,3.429636197883918446e-07,1.717744700347865593e-12,9.850677219628599222e-08
6.535987816421000087e-14,4.360838031670147275e-01,6.924714524078286193e-02,2.987447871350131564e-18,6.300635797729338405e-02,8.047732637750589374e-24,8.282038988751150197e-13,4.316626936140154358e-01,2.288133071610760976e-20,2.189282471917717564e-29
9.749561820196275306e-09,4.339125702302756325e-10,1.087113007979932239e-01,3.937991730112489982e-19,2.431003220182095803e-02,5.758514988355697417e-01,2.406494359924875592e-01,4.107149724794974255e-02,9.406224740704412224e-03,4.665395984310225793e-22
1.574068610201166950e-09,2.695187783964024596e-06,5.006088201260650434e-05,3.052513747354261306e-11,2.626586298144221662e-02,4.326324186535931426e-01,4.818294110380556550e-01,4.246787113042823497e-05,2.958976546799231208e-03,5.621810523458895675e-02
2.007815366404257258e-37,9.999999999996872502e-01,6.166397527378070557e-42,1.250150414623823481e-26,8.282446656536782791e-27,3.128700249038392673e-13,4.373409693690201848e-38,7.053996112227702582e-41,1.666654217514188153e-32,2.425216821921557755e-35
1.058763285749111332e-09,9.050998894492031654e-01,4.557826733099321085e-22,5.566284317219693384e-02,2.311174700880379990e-02,3.222174738841667344e-11,8.117879386730125670e-05,3.377928427419005176e-10,7.879081338744199285e-19,1.604434014715079571e-02
1.360848192149908696e-17,3.606648245237272660e-34,8.555646603809347107e-19,2.021361644806589740e-25,6.263199197368395562e-28,7.546736352738278550e-12,6.418651569355055062e-06,2.893891969827879421e-19,4.031190472756183696e-01,5.968745340652654718e-01
5.960959628903024423e-16,6.812563224385817741e-32,5.680770846858135491e-16,2.489120363585239074e-37,1.029127866058646622e-37,3.297004661675425052e-01,3.282825909154513018e-40,7.534303622992449989e-42,3.001012748684400044e-21,6.702995338324564401e-01
5.130917980925853161e-02,5.066386889292109896e-02,1.807907931691165237e-19,4.096473488666114160e-01,3.550045261725046720e-06,4.037605228084432674e-01,8.461467514139188462e-02,2.735479059411284906e-10,6.931277635260356915e-19,8.541625641019669414e-07
1.023597238061032810e-01,5.685489833446218805e-02,2.743528827985240773e-14,2.720851853498559847e-01,2.395262180628058846e-01,2.344996803806712310e-24,1.509514537242071993e-30,7.785541431103564396e-29,7.147659551512936511e-17,3.291739744467450102e-01
2.278674621814434503e-07,1.357212800414388740e-13,2.110222549928738953e-13,1.186509227753127833e-04,3.787267320226261197e-02,6.497487571403007811e-01,3.658665304530875904e-08,4.211838502502040970e-24,4.085152200733444504e-05,3.122188027581919156e-01
7.265754980048403570e-05,2.678341309921165916e-12,2.195507227751578860e-01,1.858563242105026693e-21,1.333323888064557334e-17,5.862451818153149308e-01,1.236790271779921091e-24,2.989690800310772593e-17,9.984086791214845624e-17,1.941314378570482835e-01
1.457953204806843317e-01,5.540402361232105565e-10,3.091034915544601964e-09,4.061500761318149493e-06,8.226812310650416515e-01,3.324989136446204311e-10,4.001632326401166575e-14,4.955502077681533639e-15,1.755657349056723759e-10,3.151938280032780260e-02
1.146100360356138393e-22,4.028786413002800210e-15,1.117013284577379664e-22,8.679069225209630201e-01,2.215566424178796494e-17,4.949982459415793075e-03,1.544636939574338492e-08,7.439793432474014765e-12,2.967064062611916432e-17,1.271430795658078927e-01
4.066596352165391826e-26,5.035085993207468666e-18,3.023593062498040310e-21,4.239412609641463552e-05,3.535445188804973160e-01,3.610991472584140054e-24,1.540871681616530634e-16,1.978955651683637838e-20,6.464130869934060497e-01,1.519085225592442251e-28
8.470204925561041977e-14,3.608237408894306905e-06,6.638207365668081783e-01,8.573328570479007635e-03,4.249704163697282794e-02,1.112006810103169198e-10,2.850971280537634156e-01,4.867924240812977891e-11,8.156774602892769729e-06,1.064599143547616661e-18
8.882575879283858278e-01,2.540332968674694320e-18,1.043292674636533829e-01,7.407448209166714835e-03,3.976130858941911149e-15,3.830134781349986761e-11,2.063619793050185991e-16,3.425790877960002760e-11,5.696326230588902684e-06,4.033559815282115035e-22
6.499334446245492725e-01,1.147174720031660560e-08,2.152363485101748114e-18,3.494727230558264952e-01,3.333466307309406663e-11,2.638146254568429947e-12,3.725023232795418950e-04,2.189747355312690916e-04,2.343753093366622862e-06,3.508780437763953760e-21
7.428069897412822394e-32,1.927638007812802886e-03,9.268782618714546673e-02,8.220711902163512219e-01,1.894385836640023746e-02,1.956062286592171257e-19,6.132212860349196826e-02,3.047358618797084764e-03,5.642213142340779958e-27,1.275191960348722828e-15
1.639768585192822289e-21,9.999999999998910871e-01,1.046920184530744041e-34,1.111450601609177391e-18,8.051577044853641022e-31,1.271675783889561011e-18,2.881033114496201988e-22,1.470403026194133971e-29,1.056184187249150923e-25,1.088493182055584664e-13
4.830234117355341037e-13,5.037638249843546800e-01,1.212335057141232836e-17,8.069624348829657068e-02,2.578072602366789234e-13,5.427715209242210848e-18,9.383532664906531185e-05,4.982307059160741292e-02,3.484289017722554466e-15,3.656230256083479180e-01
8.528843033013872033e-02,7.022373006971885934e-01,1.096843390954629132e-05,8.304924712946425841e-03,2.263564954476319520e-12,6.179066417099580893e-06,2.026545921981120491e-01,1.492175082326244878e-03,6.007304623951939368e-10,5.428875967222192392e-06
7.012821871320636113e-02,2.609905314572470436e-01,1.958285470850096706e-13,3.572191441094037919e-10,1.571084414968262899e-02,1.972990874807658071e-02,5.979732854327965419e-02,4.752623494351223242e-03,1.111112104401021936e-03,5.677794324323406361e-01
4.963483569767181460e-06,7.926740567851608965e-01,7.933383849688218940e-15,1.085721125443476351e-11,1.399305394281741848e-08,6.744252205178341716e-05,1.071976977965146127e-01,9.507221551858255348e-02,1.728477771314057508e-18,4.983609890201350957e-03
9.239994200404944014e-02,1.572908580115793355e-16,8.083276847884445480e-19,1.047063209868747467e-17,5.641630224640490593e-07,7.157622485630695808e-01,1.918347916739300829e-01,2.321381272770743820e-06,1.322146554432579684e-07,1.616506390127997624e-20
1.037753599357215534e-02,6.779793182599511137e-02,8.705342164952453356e-07,1.255144223914137682e-05,5.769284415811910597e-06,3.428409668579896191e-03,1.602350687490220350e-03,4.812214066338021436e-04,8.419274038957924589e-01,7.436595526106497267e-02
4.978484573661078581e-05,1.414610454011611009e-14,1.871402487725323804e-01,3.584429079488287063e-24,3.501244558962848485e-20,2.444295144011716936e-02,1.745198618018282719e-05,3.419336987689781948e-02,7.011308721423163135e-06,7.541491817698001698e-01
8.895404524793832898e-16,1.003016254172355293e-01,6.494987064613292338e-01,1.822967889403422637e-01,5.600505000206761088e-06,1.074093375483280929e-12,2.398315426342655446e-03,6.549896324864085129e-02,9.218545043473206789e-17,3.428374995198249760e-14
1.955968315169747166e-04,3.104529276530375997e-02,1.192130393020314533e-09,3.444490042843869342e-11,9.119635795901815944e-01,8.610389186788576572e-12,2.026601659522599703e-09,1.165830586097400528e-10,4.011773435004188648e-02,1.667779308458562648e-02
6.662331339196355428e-09,5.645098941020271210e-01,1.976960210071849744e-01,1.711097194167466833e-07,1.154603903651493513e-01,8.614248994204767862e-02,3.266836013340043438e-03,3.292419079810671168e-02,1.757414778608929874e-21,9.330785211284636694e-14
1.348479036263301131e-15,2.912708659488739624e-03,6.980985773253644000e-01,3.402922316787149506e-09,1.070121481022415146e-05,7.935315268827446979e-06,1.085297872719538474e-02,2.793249330851825252e-01,8.792162269766107957e-03,7.374622138856810396e-18
5.143487035707793309e-01,2.260080586828150939e-01,5.776952440015645732e-06,3.507868408873018179e-02,1.427378841769933945e-02,8.596570052270897239e-03,4.051116478171883084e-02,6.271530210109382830e-02,6.549768948241291300e-02,3.296426187003956981e-02
3.475795827793176375e-46,1.000000000000000000e+00,6.952806341844166165e-43,4.964412893449548826e-27,3.308741636125001078e-27,2.479705693782645307e-29,1.930765837749861727e-37,1.391339414954571198e-42,2.861025162809905238e-32,2.727470559817814308e-34
7.376615852817006642e-18,6.951372447616388506e-01,2.725897935765846849e-31,1.383224147962804629e-01,1.665403404420493227e-01,1.403991184512569225e-33,7.289941439885544369e-19,1.381245335019090184e-19,3.138639160157797948e-14,5.227842506200960051e-19
5.975231070546394814e-17,4.657369667217149288e-39,1.702894781060564342e-09,4.084265369860675553e-27,2.279850522208579457e-23,1.998785320953816794e-02,3.488613067154837293e-22,9.160902559247295892e-30,3.281637618037279158e-01,6.518483832838389835e-01
1.124832368844675131e-17,6.546528183808456218e-35,2.998816774432715060e-17,2.528138590161395029e-38,1.419290293751053362e-38,3.592065936007173277e-01,2.305357627874911374e-41,1.214653217860692514e-42,3.845095479859419843e-09,6.407934025541871526e-01
1.250719370149168721e-10,1.513679504329523121e-15,2.019958786220214399e-15,3.706740511081234632e-18,4.020855883915145126e-14,7.537793753590442680e-01,5.437132171917327287e-10,1.564460134557483351e-12,7.738981968891280039e-02,1.688308042816497323e-01
2.541172483146669694e-15,4.173704843704534074e-15,2.899366489663673666e-14,1.129939398337866513e-30,3.854278034936484826e-02,1.772553332961385730e-01,2.210309841590610771e-17,1.875248482225518647e-09,1.215582546236239296e-24,7.842018844792122412e-01
6.919703590747972163e-04,5.267159039027113909e-02,3.180447524594146538e-18,2.678148108294466367e-01,3.312761483833556730e-01,1.234850035160276586e-24,5.370230333850159150e-33,8.051052971552654367e-30,2.969032984060126482e-22,3.475454800378516285e-01
6.996079084502991874e-01,2.852813513937397937e-22,8.899821519319476901e-12,2.849563675992676824e-28,1.180233428863025713e-21,2.851721812494871777e-07,1.221686933499320509e-20,2.593122676310725009e-26,4.693876361735735414e-02,2.534530427512624029e-01
2.306181238363455574e-13,8.687141470233204765e-02,4.813659834404413265e-03,5.544634983170261266e-01,6.816503921448360120e-03,1.551294215974223757e-13,3.689940108893550894e-05,3.330888107395087450e-01,2.640499290438578267e-10,1.390921281975562515e-02
7.384113578777061372e-17,9.788738343447699330e-01,2.095396338391198887e-24,7.621347822226158206e-17,2.769639053529906574e-16,3.858457165737887826e-25,5.719600292098651552e-21,3.859770360763297178e-20,3.228592344803384432e-18,2.112616565522985879e-02
9.199688719225934642e-06,8.929514737850833273e-01,3.496791350438836742e-12,3.760111133810242756e-02,9.794106395874878357e-03,1.083036495400521498e-03,3.438167571789262772e-02,2.401631695051444082e-02,1.174536653747755474e-08,1.630678795493626797e-04
1.446213902098655248e-06,1.439512463498612005e-01,2.992390801903570868e-05,4.306445616464589232e-01,3.914332715977859173e-02,3.575380971839169792e-16,3.151275812453637363e-10,3.862294943856298679e-01,1.683662803958101819e-15,2.122067078250617528e-11
3.972447073906234211e-13,5.331601027299563977e-01,2.814194886321222150e-04,2.533118439881918912e-02,1.716940481565992493e-01,3.144071927361019054e-16,8.218923327140961276e-08,2.695331267182292656e-01,3.517816198220695244e-17,3.631813285745075478e-08
6.994141401297292171e-02,2.872090715874491273e-01,4.838418215945042983e-02,3.293079469981487589e-12,1.495244842688399911e-01,1.501102315610376877e-17,9.141132831953378168e-09,4.449408381800504797e-01,7.047613278063153175e-13,6.461063091879784622e-10
6.415989343550148601e-10,7.382881324170942686e-03,2.944353254059469543e-02,1.165097011380305199e-20,1.604150380840211948e-03,2.255537934965340707e-14,1.385989613154936621e-12,9.615694351107215709e-01,6.648140382628867875e-13,3.885587277589067911e-16
4.220690198220979628e-45,1.000000000000000000e+00,6.251346925170215422e-43,6.834160328607320846e-27,4.601918627600454568e-26,2.596452760478594572e-29,1.454135644902536078e-36,1.769073566658956131e-41,3.461882660243956966e-33,1.110283145704538692e-34
7.158508381073711125e-19,7.070863642468305788e-01,2.053396607135884837e-33,1.303056067685134656e-01,1.626080289846500992e-01,9.533332120785545081e-37,2.627598610767781052e-22,4.862679314277851424e-22,6.019434266751705178e-15,1.166364154778337528e-20
3.044796892335762475e-16,1.846322998050831657e-37,1.926880246089646015e-11,3.243660279904106035e-25,1.134467305520490424e-22,1.939581623438141333e-02,3.124599997213806606e-22,1.127289232480242082e-28,3.720285126464992209e-01,6.085756710998502239e-01
6.451464710744483098e-17,1.049201651160520809e-32,7.700121530157623022e-18,6.496869816694175261e-37,7.025976541054692266e-38,3.331980129179859529e-01,5.629372437518848588e-41,5.005459316830218647e-43,2.410129883753246673e-18,6.668019870820139916e-01
6.102809381856218388e-40,3.978869515373970751e-45,9.036028402225261269e-01,9.046480491965721249e-41,9.639715977747384534e-02,4.029820825604678788e-40,4.764767949396347627e-44,1.863989052407955620e-37,3.361603410599976833e-36,2.304478182284583444e-52
1.459339098487141097e-23,4.126019507308022888e-02,1.311419524488404709e-01,7.435123869924035178e-01,2.355278308709096656e-13,1.189286240971152898e-17,5.467254011752750079e-14,8.408541136843185326e-02,3.611106726962776078e-15,5.411695020150592016e-08
2.126007032478772690e-15,3.378138001823441479e-19,2.342131926839929419e-13,4.638732668585638068e-30,3.884368413376627222e-02,1.731353246847870397e-01,5.996877638319032828e-17,4.993236813027423628e-09,1.679594355286603524e-23,7.880209861879734490e-01
6.843701836708514317e-04,3.555492050341477625e-24,1.180965540518937102e-25,2.453825921203299509e-01,4.171134356883672845e-01,4.012675624933752253e-43,4.461786936909895710e-50,4.489277440721686330e-39,1.815227215314653254e-30,3.368196020076318908e-01
5.125503466151669629e-01,1.764623450202180760e-18,5.034979033393146048e-17,2.398316142025720941e-25,5.754468435449965929e-23,2.028101207966098297e-07,6.016614115417279130e-28,2.338384817219989334e-31,7.341997135948709341e-02,4.140294792152250936e-01
4.631541367671149516e-09,8.315156359976182653e-11,8.739295571943726991e-08,1.037973998625279452e-04,1.509529002806774279e-13,6.217321917548237487e-01,9.660237528947536456e-02,2.362024317009482899e-01,3.578396193484495447e-02,9.575149812245449532e-03
1.000341359815828147e-15,1.026425665634980583e-01,7.480765014906283206e-01,1.487360577196057965e-01,3.920576803853816009e-06,1.716225871923079862e-12,3.638872787715105102e-06,5.373147749585595627e-04,4.200756020372928150e-16,1.272155078066325679e-23
7.388003147480802955e-18,1.266513250151991843e-01,3.451360109357500816e-01,2.744416865512404602e-01,1.193126912754791124e-06,3.038092792639458203e-16,1.221332327108975470e-02,2.412418005971367352e-01,1.181055265323168674e-15,3.146605026694696060e-04
3.919659978869388260e-15,1.753515182030454985e-13,1.069728058400867873e-16,6.731933457867606957e-07,9.652191684191888576e-15,4.617039229689285007e-19,3.095341185621912627e-01,6.904651580321612414e-01,5.021211290046004261e-08,2.145133488277573142e-27
5.277519892198871551e-43,1.000000000000000000e+00,7.102809057209090980e-39,1.190327752161842738e-27,1.456398558180370562e-23,1.256923409998461176e-32,4.105350798198993927e-29,1.052567399316165332e-34,4.692286701092165324e-30,6.085925315052653994e-34
7.376974964898375226e-18,6.951372447616339656e-01,4.467665098466073700e-31,1.383224147963016959e-01,1.665403404420476574e-01,2.537684659029440838e-34,6.390622590561063501e-18,9.912433934701921220e-20,1.666808805476644451e-14,5.185105138216150221e-19
7.270026105175699671e-16,2.986185611784786979e-36,4.067517394190074797e-11,2.881853645385076704e-25,1.141814538499003717e-22,1.886305486382870364e-02,8.623051220246630620e-21,6.232924962793649411e-28,3.527470727426489927e-01,6.283898723528463792e-01
1.057088428181233885e-21,1.504261602176188652e-35,4.878137686943338706e-18,3.912098319559999276e-39,2.491997730598258722e-41,3.254237101734223647e-01,7.562920683721919006e-43,1.977286732326665367e-46,1.581916861658280336e-23,6.745762898265776908e-01
1.595373777100654949e-41,6.916109008066274285e-45,9.089002376734376387e-01,1.685265629026996275e-40,9.109976232656244455e-02,8.105061098669391135e-44,3.451142000172974797e-46,1.160961890018669758e-49,2.780281594766682025e-38,1.248193438765675688e-63
2.664884717487187777e-08,3.260900932769217886e-01,2.176713155906168443e-03,3.755948044813078868e-01,5.089613522343294089e-02,1.409969027971075539e-01,8.099523977290185028e-02,5.271705901677945971e-16,2.659083224089179090e-03,2.059100141948489587e-02
7.267825152572574893e-24,9.999838377668108791e-01,1.261860370404908050e-21,9.442426130649701513e-06,3.222052267842552046e-18,9.829778356494982189e-16,1.672468986636448485e-16,7.377131354406406001e-18,1.155485834663154102e-21,6.719807057445179443e-06
1.842410391576615383e-06,6.374210136650142647e-19,8.398467769965564418e-07,1.212790652891911486e-01,1.630627013525781288e-11,8.787049423235480106e-01,3.411459612289783704e-12,4.412318752996205809e-13,1.331010993332612227e-05,5.928143796530897874e-22
